[print-page-setup]
PPDName=A3
DisplayName=A3
Width=297
Height=420
MarginTop=4.0000142415364577
MarginBottom=4.000006167093912
MarginLeft=4.000006167093912
MarginRight=4.0000142415364577
Orientation=landscape
